Max=3.265266048
Min=-2.059040482
