Max=2.498930532
Min=-2.033337426
