Max=2.87395772
Min=-2.075908604
