Max=760.4212294
Min=16.56055367
