Max=492.2273628
Min=27.34025132
