Max=777.7580394
Min=22.61862636
